158000
158001
158003
158005
158006
158008
158009
158010
158011
158012
158013
158017
158019
158022
158023
158027
158028
158031
158032
158038
158041
158049
158050
158061
159001
159003
159005
159007
159008
159009
159010
159011
159012
159013
159015
159016
159017
159018
159019
159020
159021
159022
159023
159025
159026
159027
159028
159029
159030
159031
159032
159033
159035
159036
159037
159038
159039
159040
159041
159042
159043
159045
159046
159048
159049
159050
159051
159052
159053
159055
159056
159057
159058
159059
159060
159061
159062
159063
159065
159066
159067
159068
159069
159070
159071
159072
159073
159075
159076
159077
159078
159079
159082
159083
159085
159086
159087
159091
159093
159095
159096
159098
159099
159100
159101
159102
159103
159105
159106
159107
159108
159109
159117
159118
159119
159120
159121
159122
159123
159125
159126
159127
159128
159129
159130
159131
159132
159133
159135
159136
159137
159138
159139
159140
159141
159142
159143
159145
159146
159147
159148
159149
159150
159151
159152
159153
159155
159156
159157
159158
159159
159160
159161
159162
159163
159165
159166
159167
159168
159169
159170
159171
159172
159173
159175
159176
159177
159178
159179
159180
159181
159182
159183
159185
159186
159187
159188
159189
159190
159191
159192
159193
159195
159196
159197
159198
159199
159201
159202
159203
159205
159206
159207
159208
159209
159210
159211
159212
159213
159215
159216
159217
159218
159219
159220
159221
159222
159223
159225
159226
159227
159228
159229
159230
159231
159232
159233
159235
159236
159237
159238
159239
159240
159241
159242
159243
159245
159246
159247
159248
159249
159251
159253
159255
159256
159257
159258
159259
159260
159261
159262
159263
159265
159266
159267
159268
159269
159270
159271
159272
159273
159275
159276
159277
159278
159279
159280
159281
159283
159285
159286
159287
159288
159289
159290
159291
159292
159293
159295
159296
159297
159298
159299
159300
159301
159302
159303
159305
159306
159307
159309
159310
159311
159312
159315
159316
159318
159320
159321
159322
159323
159325
159326
159327
159328
159329
159330
159331
159332
159333
159335
159336
159337
159338
159339
159350
159351
159352
159353
159355
159356
159357
159358
159359
159360
159361
159362
159363
159365
159366
159367
159368
159369
159370
159371
159372
159373
159375
159376
159377
159378
159379
159380
159381
159382
159383
159385
159386
159387
159388
159389
159390
159391
159392
159393
159399
159500
159501
159502
159503
159505
159506
159507
159508
159509
159510
159511
159512
159513
159515
159516
159517
159518
159519
159520
159521
159522
159523
159525
159526
159527
159528
159529
159530
159531
159532
159533
159535
159536
159537
159538
159539
159540
159541
159542
159543
159545
159546
159547
159549
159550
159551
159552
159553
159555
159556
159557
159558
159559
159560
159561
159562
159563
159565
159566
159567
159568
159569
159570
159571
159572
159573
159575
159576
159577
159578
159579
159581
159582
159583
159586
159587
159588
159589
159590
159591
159592
159593
159595
159596
159597
159599
159601
159602
159603
159605
159606
159607
159608
159609
159610
159611
159612
159613
159615
159616
159617
159618
159619
159620
159621
159622
159623
159625
159627
159628
159629
159630
159631
159632
159633
159635
159636
159637
159638
159639
159640
159641
159642
159643
159645
159646
159647
159652
159653
159655
159656
159657
159658
159659
159660
159661
159662
159663
159665
159666
159667
159669
159670
159671
159672
159673
159675
159676
159677
159678
159679
159680
159681
159682
159683
159685
159686
159687
159688
159689
159690
159691
159692
159693
159695
159696
159697
159698
159699
159701
159703
159706
159707
159708
159709
159710
159711
159712
159713
159715
159716
159717
159718
159719
159720
159721
159723
159725
159726
159728
159729
159730
159731
159732
159733
159735
159736
159738
159739
159740
159741
159742
159743
159745
159747
159748
159750
159751
159752
159755
159757
159758
159760
159761
159763
159766
159767
159768
159769
159770
159773
159775
159776
159777
159778
159779
159780
159781
159782
159783
159786
159787
159788
159789
159790
159791
159792
159793
159795
159796
159797
159798
159800
159801
159804
159805
159806
159807
159808
159810
159811
159813
159814
159819
159820
159821
159822
159823
159824
159825
159827
159828
159835
159836
159837
159838
159839
159840
159841
159842
159843
159845
159847
159848
159849
159850
159851
159852
159853
159855
159856
159857
159858
159859
159861
159862
159863
159864
159865
159866
159867
159869
159870
159871
159872
159873
159875
159876
159877
159880
159881
159883
159885
159886
159887
159888
159889
159890
159891
159892
159895
159896
159898
159899
159901
159902
159903
159905
159906
159907
159908
159909
159910
159912
159913
159915
159916
159918
159919
159920
159922
159923
159925
159928
159929
159930
159931
159933
159934
159935
159936
159937
159938
159939
159940
159941
159943
159944
159945
159948
159949
159952
159954
159956
159957
159958
159959
159960
159961
159964
159965
159966
159967
159968
159969
159970
159971
159973
159974
159975
159976
159977
159982
159983
159987
159990
159991
159992
159993
159994
159995
159996
159997
159998
510010
510020
510030
510040
510050
510060
510090
510100
510130
510140
510150
510160
510170
510180
510190
510200
510210
510230
510270
510290
510300
510310
510320
510330
510350
510360
510370
510380
510390
510410
510500
510510
510530
510550
510560
510570
510580
510590
510600
510630
510650
510660
510670
510680
510710
510720
510760
510770
510800
510810
510850
510880
510900
510910
510950
510980
510990
511160
511600
511620
511650
511660
511670
511690
511700
511770
511800
511810
511820
511830
511850
511860
511880
511900
511910
511920
511930
511950
511960
511970
511980
511990
512000
512010
512020
512030
512040
512050
512060
512070
512080
512090
512100
512120
512130
512140
512150
512160
512170
512180
512190
512200
512220
512240
512250
512260
512280
512290
512320
512330
512360
512370
512380
512390
512400
512410
512420
512430
512450
512460
512480
512500
512510
512520
512530
512550
512560
512570
512580
512600
512620
512630
512640
512650
512660
512670
512680
512690
512700
512710
512720
512730
512740
512750
512760
512770
512800
512810
512820
512870
512880
512890
512900
512910
512930
512940
512950
512960
512970
512980
512990
513000
513010
513020
513030
513040
513050
513060
513070
513080
513090
513100
513110
513120
513130
513140
513150
513160
513170
513180
513190
513200
513210
513220
513230
513240
513260
513280
513290
513300
513310
513320
513330
513350
513360
513380
513390
513400
513500
513520
513530
513550
513560
513580
513590
513600
513620
513630
513650
513660
513690
513700
513720
513730
513750
513770
513780
513800
513810
513820
513830
513850
513860
513870
513880
513890
513900
513910
513920
513930
513950
513960
513970
513980
513990
515000
515010
515020
515030
515040
515050
515060
515070
515080
515090
515100
515110
515120
515130
515150
515160
515170
515180
515190
515200
515210
515220
515230
515250
515260
515280
515290
515300
515310
515320
515330
515350
515360
515370
515380
515390
515400
515440
515450
515460
515480
515530
515550
515560
515570
515580
515590
515600
515630
515640
515650
515660
515670
515680
515700
515710
515720
515730
515750
515760
515770
515780
515790
515800
515810
515840
515850
515860
515880
515890
515900
515910
515920
515940
515950
515960
515970
515980
515990
516000
516010
516020
516040
516050
516060
516070
516080
516090
516100
516110
516120
516130
516150
516160
516180
516190
516200
516210
516220
516230
516250
516260
516270
516290
516300
516310
516320
516330
516350
516360
516370
516380
516390
516440
516460
516480
516500
516510
516520
516530
516550
516560
516570
516580
516590
516600
516610
516620
516630
516640
516650
516660
516670
516690
516700
516710
516720
516730
516750
516760
516770
516780
516790
516800
516810
516820
516830
516840
516850
516860
516880
516890
516900
516910
516920
516930
516950
516960
516970
516980
517000
517010
517030
517050
517080
517090
517100
517110
517120
517130
517160
517170
517180
517200
517230
517270
517280
517300
517330
517350
517360
517380
517390
517400
517500
517520
517550
517660
517760
517770
517780
517800
517850
517880
517900
517950
517960
517990
518600
518660
518680
518800
518850
518860
518880
518890
520500
520510
520520
520530
520550
520560
520570
520580
520590
520600
520610
520620
520630
520650
520660
520670
520680
520690
520700
520710
520720
520730
520740
520750
520760
520770
520780
520790
520810
520820
520830
520840
520850
520860
520870
520880
520890
520900
520910
520920
520930
520940
520950
520960
520970
520980
520990
526000
526010
526030
526050
526060
526070
530000
530050
530060
530080
530100
530180
530280
530300
530380
530530
530580
530680
530800
530880
560000
560010
560020
560030
560050
560060
560070
560080
560090
560100
560110
560120
560130
560150
560160
560170
560180
560190
560210
560220
560230
560250
560260
560270
560280
560290
560300
560310
560320
560330
560350
560360
560370
560380
560390
560400
560410
560420
560450
560460
560470
560480
560490
560500
560510
560520
560530
560550
560560
560570
560580
560590
560600
560610
560620
560630
560650
560660
560670
560680
560690
560700
560710
560720
560730
560750
560770
560780
560790
560800
560810
560820
560830
560850
560860
560870
560880
560890
560900
560910
560920
560930
560950
560960
560970
560980
560990
561000
561010
561020
561030
561050
561060
561080
561090
561100
561120
561130
561160
561170
561180
561190
561200
561220
561230
561250
561260
561280
561300
561310
561320
561330
561350
561360
561370
561380
561390
561400
561410
561420
561430
561450
561460
561470
561490
561500
561510
561530
561550
561560
561570
561580
561590
561600
561610
561620
561630
561660
561680
561690
561700
561710
561730
561750
561760
561770
561780
561790
561800
561810
561830
561870
561880
561890
561900
561910
561920
561930
561950
561960
561980
561990
562000
562010
562030
562050
562060
562070
562080
562110
562150
562170
562180
562260
562300
562310
562320
562330
562340
562350
562360
562380
562390
562500
562510
562520
562530
562550
562560
562570
562580
562590
562600
562660
562700
562800
562810
562820
562850
562860
562870
562880
562890
562900
562910
562920
562930
562950
562960
562970
562990
563000
563010
563020
563030
563050
563060
563080
563090
563150
563180
563200
563210
563220
563230
563280
563300
563320
563330
563350
563360
563380
563390
563500
563510
563520
563530
563550
563560
563570
563580
563590
563600
563620
563630
563650
563660
563670
563680
563690
563700
563750
563760
563770
563780
563790
563800
563830
563850
563860
563870
563880
563890
563900
563930
563960
563980
563990
588000
588010
588020
588030
588040
588050
588060
588070
588080
588090
588100
588110
588120
588130
588140
588150
588160
588170
588180
588190
588200
588210
588220
588230
588240
588250
588260
588270
588280
588290
588300
588310
588320
588330
588350
588360
588370
588380
588390
588400
588410
588420
588430
588450
588460
588470
588480
588500
588510
588520
588530
588550
588660
588670
588680
588690
588700
588710
588720
588730
588750
588760
588770
588780
588790
588800
588810
588820
588830
588840
588850
588860
588870
588880
588890
588900
588910
588920
588930
588940
588950
588960
588980
588990
589000
589010
589020
589030
589050
589060
589070
589080
589090
589100
589110
589120
589130
589150
589160
589170
589180
589190
589200
589210
589220
589230
589250
589260
589270
589280
589290
589300
589310
589320
589330
589350
589360
589380
589390
589400
589410
589420
589430
589460
589500
589510
589520
589550
589560
589580
589600
589630
589660
589680
589700
589720
589770
589780
589800
589820
589850
589860
589880
589890
589900
589950
589960
589980
589990
